(189)
L1(22): 188 187 186 185 59 60 48 47 33 34 35 40 51 54 77 78 83 131 132 133 134 135
L2(23): 155 154 153 71 66 65 64 46 45 34 33 32 31 41 42 43 44 136 137 138 139 140 141
L3(11): 58 57 56 50 49 48 47 33 34 35 40
L4(29): 1 2 3 4 5 6 7 8 9 10 11 12 13 14 15 16 17 18 19 20 21 22 23 31 32 33 34 35 40
L5(27): 58 57 59 60 63 29 30 23 31 32 37 38 39 40 35 45 46 64 65 150 151 152 153 154 155 156 189
L6(31): 10 11 12 13 14 15 16 17 18 19 20 21 22 23 31 32 33 34 35 40 52 102 103 104 105 106 107 108 109 110 111
L7(29): 58 57 55 50 49 48 68 67 64 65 150 151 152 153 154 155 156 157 158 159 160 161 162 163 164 165 166 167 168
L8(21): 58 57 59 60 63 29 30 23 41 42 43 44 82 81 80 79 78 77 54 51 40
L9(19): 24 25 26 27 28 29 30 23 31 32 33 34 35 40 52 53 88 89 90
L10(30): 149 148 147 146 145 144 143 142 65 64 46 45 35 40 51 52 53 86 87 91 92 93 94 95 110 111 112 113 114 115
L11(14): 123 122 121 120 119 118 117 116 40 36 33 32 31 23
L12(16): 130 129 128 127 126 125 124 40 51 54 73 74 75 76 80 85
L13(22): 72 71 66 170 67 46 45 35 40 51 52 53 91 92 93 94 96 97 98 99 100 101
L14(15): 27 28 63 60 48 47 33 34 36 51 54 77 78 83 84
L15(16): 27 28 63 60 59 56 50 49 48 68 67 64 65 66 71 72
L16(14): 184 183 182 181 180 179 70 69 67 46 45 34 36 40
L17(17): 178 177 176 175 174 173 172 171 169 70 69 67 46 45 34 36 40
L18(22): 61 60 59 55 50 49 48 47 33 34 35 40 39 38 37 32 31 23 30 29 63 62 